0 0.815000 0.751667 0.182500 0.320000
0 0.577500 0.465833 0.102500 0.218333
0 0.562500 0.228333 0.125000 0.246667
0 0.737500 0.452500 0.132500 0.221667
0 0.596250 0.766667 0.140000 0.326667
0 0.601875 0.819167 0.128750 0.218333
0 0.8158168196678162 0.7528402805328369 0.1826220005750656 0.3200978636741638
0 0.5789301991462708 0.46637165546417236 0.10339794307947159 0.21927401423454285
0 0.562828779220581 0.22981661558151245 0.12509556114673615 0.24688252806663513
0 0.7385212182998657 0.4546186327934265 0.1331832855939865 0.2231641411781311
0 0.5971038937568665 0.7674157619476318 0.14109115302562714 0.3278241455554962
0 0.6024672985076904 0.81977778673172 0.1293039321899414 0.21904143691062927
